1.502452511340379715e+00
1.527958549559116364e+00
1.592704467475414276e+00
1.639792509377002716e+00
1.628020592033863068e+00
1.608400419354438782e+00
1.612324453890323639e+00
1.604967005550861359e+00
1.569160446524620056e+00
1.533844508230686188e+00
1.471550948917865753e+00
1.391599513590335846e+00
1.295951940119266510e+00
1.140953972935676575e+00
9.702600538730621338e-01
8.088855072855949402e-01
6.484919693320989609e-01
5.008514970541000366e-01
3.605684963986277580e-01
2.168519888073205948e-01
8.245499921031296253e-02
-6.322350236587226391e-02
