1.507848035544157028e+00
1.525996439158916473e+00
1.535806525498628616e+00
1.552973967045545578e+00
1.605948060750961304e+00
1.642245054244995117e+00
1.666279509663581848e+00
1.707972027361392975e+00
1.756041124463081360e+00
1.822748966515064240e+00
1.898776553571224213e+00
1.990009471774101257e+00
2.069470472633838654e+00
2.084675990045070648e+00
2.071923017501831055e+00
2.049850486218929291e+00
2.021401375532150269e+00
1.996876485645771027e+00
1.959598623216152191e+00
1.926735043525695801e+00
1.889456994831562042e+00
1.843350008130073547e+00
1.808033883571624756e+00
1.784980483353137970e+00
1.740835607051849365e+00
1.686880551278591156e+00
1.659903116524219513e+00
1.624096557497978210e+00
1.561802998185157776e+00
1.500980928540229797e+00
1.470569986850023270e+00
1.480870507657527924e+00
1.516186445951461792e+00
1.571612991392612457e+00
1.650092937052249908e+00
1.759964972734451294e+00
1.865912973880767822e+00
1.947335898876190186e+00
2.041021548211574554e+00
2.122935093939304352e+00
2.166589535772800446e+00
2.212205901741981506e+00
2.254389040172100067e+00
2.229863964021205902e+00
2.134707011282444000e+00
1.967936940491199493e+00
1.767813041806221008e+00
1.589761488139629364e+00
1.416124496608972549e+00
1.243468560278415680e+00
1.044325437396764755e+00
7.887749932706356049e-01
4.954560194164514542e-01
1.962509937584400177e-01
-7.352399989031255245e-02
