1.522563025355339050e+00
1.566217467188835144e+00
1.624096557497978210e+00
1.696690544486045837e+00
1.773208566009998322e+00
1.858065091073513031e+00
1.961069926619529724e+00
2.098900638520717621e+00
2.211225032806396484e+00
2.268122881650924683e+00
2.310796454548835754e+00
2.348074503242969513e+00
2.358865551650524139e+00
2.364260889589786530e+00
2.373090013861656189e+00
2.372108958661556244e+00
2.389767020940780640e+00
2.371618524193763733e+00
2.273027971386909485e+00
2.138140425086021423e+00
2.010610513389110565e+00
1.882099546492099762e+00
1.727101393043994904e+00
1.532372925430536270e+00
1.279274933040142059e+00
9.795795194804668427e-01
6.504539866000413895e-01
2.727690152823925018e-01
-1.470990013331174850e-01
