1.509809959679841995e+00
1.548068970441818237e+00
1.599571481347084045e+00
1.628511026501655579e+00
1.626548916101455688e+00
1.569160446524620056e+00
1.481851469725370407e+00
1.416124496608972549e+00
1.383751537650823593e+00
1.390128023922443390e+00
1.422500982880592346e+00
1.465174555778503418e+00
1.517167408019304276e+00
1.556407473981380463e+00
1.591232977807521820e+00
1.636849530041217804e+00
1.679522916674613953e+00
1.724649034440517426e+00
1.786942407488822937e+00
1.854631491005420685e+00
1.888966374099254608e+00
1.899266988039016724e+00
1.872289553284645081e+00
1.829615980386734009e+00
1.787923462688922882e+00
1.702085882425308228e+00
1.555426511913537979e+00
1.392580475658178329e+00
1.238073036074638367e+00
1.075717434287071228e+00
9.079664945602416992e-01
7.514969911426305771e-01
6.352484691888093948e-01
5.557875148952007294e-01
5.091900005936622620e-01
4.748550243675708771e-01
4.248240031301975250e-01
3.846029983833432198e-01
3.738119965419173241e-01
3.625304903835058212e-01
2.968034939840435982e-01
1.982129877433180809e-01
1.001129974611103535e-01
-3.673649916891008615e-02
