1.517658028751611710e+00
1.571122556924819946e+00
1.603985950350761414e+00
1.620172522962093353e+00
1.644206978380680084e+00
1.667750999331474304e+00
1.695709489285945892e+00
1.728082448244094849e+00
1.766831986606121063e+00
1.805581524968147278e+00
1.804110035300254822e+00
1.754079014062881470e+00
1.709443517029285431e+00
1.664808019995689392e+00
1.611343584954738617e+00
1.533844508230686188e+00
1.431820541620254517e+00
1.278784498572349548e+00
1.087489444762468338e+00
8.706885389983654022e-01
5.969895049929618835e-01
2.659020014107227325e-01
-7.842899649403989315e-02
