1.486266031861305237e+00
1.482832524925470352e+00
1.526977494359016418e+00
1.610362529754638672e+00
1.731025427579879761e+00
1.884552091360092163e+00
2.038569003343582153e+00
2.181794866919517517e+00
2.297553047537803650e+00
2.383881062269210815e+00
2.423611469566822052e+00
2.396143414080142975e+00
2.307853475213050842e+00
2.186209522187709808e+00
2.082714065909385681e+00
1.974803954362869263e+00
1.825692132115364075e+00
1.607909984886646271e+00
1.354321464896202087e+00
1.107599958777427673e+00
8.392965421080589294e-01
5.214524921029806137e-01
1.457294914871454239e-01
-2.927775029093027115e-01
