1.502943038940429688e+00
1.530411001294851303e+00
1.554936077445745468e+00
1.557388529181480408e+00
1.566707901656627655e+00
1.595647446811199188e+00
1.639792509377002716e+00
1.696199923753738403e+00
1.763398572802543640e+00
1.846292987465858459e+00
1.964993961155414581e+00
2.100372128188610077e+00
2.251446060836315155e+00
2.434402517974376678e+00
2.607058547437191010e+00
2.746850997209548950e+00
2.898415550589561462e+00
3.079410083591938019e+00
3.231465071439743042e+00
3.327112272381782532e+00
3.390877321362495422e+00
3.454152122139930725e+00
3.550780564546585083e+00
3.638580068945884705e+00
3.676839172840118408e+00
3.662123903632164001e+00
3.569909930229187012e+00
3.455623239278793335e+00
3.385481983423233032e+00
3.344770520925521851e+00
3.279043361544609070e+00
3.180453181266784668e+00
3.053413331508636475e+00
2.904301322996616364e+00
2.759113535284996033e+00
2.624716609716415405e+00
2.498167566955089569e+00
2.383881062269210815e+00
2.290195412933826447e+00
2.221525460481643677e+00
2.133235521614551544e+00
1.994423940777778625e+00
1.845311932265758514e+00
1.685899496078491211e+00
1.532863453030586243e+00
1.413181517273187637e+00
1.311647985130548477e+00
1.223848480731248856e+00
1.141935028135776520e+00
1.042853947728872299e+00
9.545640088617801666e-01
8.961944840848445892e-01
8.392965421080589294e-01
7.642499636858701706e-01
6.430964916944503784e-01
4.949654918164014816e-01
3.640019800513982773e-01
2.575634978711605072e-01
1.825170125812292099e-01
1.315049943514168262e-01
8.637899882160127163e-02
4.615799989551305771e-02
