1.493168893365751204e+00
1.474416279392624096e+00
1.446072982853900513e+00
1.410134174096846493e+00
1.368302144770667139e+00
1.322023981915645852e+00
1.272524724010278607e+00
1.220836517700058188e+00
1.167824236120421855e+00
1.114207968220611855e+00
1.060582742618311869e+00
1.007435808661993004e+00
9.551617610082142606e-01
9.040757616513891426e-01
8.544250845417687978e-01
8.063991823077117926e-01
7.601384518158800230e-01
7.157418550498456655e-01
6.732735337886367466e-01
6.327685405763634474e-01
5.942377942729961671e-01
5.576723558688237992e-01
5.230471090564683401e-01
4.903239201286435645e-01
4.594543429681228197e-01
4.303819270945387632e-01
4.030441798201280790e-01
3.773742274447092204e-01
3.533022150011826401e-01
3.307564792683253541e-01
3.096645255278369646e-01
2.899538347953415918e-01
2.715525249449847189e-01
2.543898862251346427e-01
2.383968090846325383e-01
2.235061199560167966e-01
2.096528386394688748e-01
1.967743691680084728e-01
1.848106344832845527e-01
1.737041638877594996e-01
1.634001410415141797e-01
1.538464192210667325e-01
1.449935096364108333e-01
1.367945477957915601e-01
1.292052422020857350e-01
1.221838090481241201e-01
1.156908960403125741e-01
1.096894980111015327e-01
1.041448665729422518e-01
9.902441571198869474e-02
9.429762491248222522e-02
8.993594113672651047e-02
8.591268075576014018e-02
8.220293232777275971e-02
7.878346095102399527e-02
7.563261477202951055e-02
7.273023410498398456e-02
7.005756351209106725e-02
6.759716710427253472e-02
6.533284724553017897e-02
6.324956678018980871e-02
6.133337484874075429e-02
