1.509809959679841995e+00
1.524525042623281479e+00
1.548068970441818237e+00
1.580441929399967194e+00
1.603495515882968903e+00
1.613305509090423584e+00
1.605457626283168793e+00
1.602514460682868958e+00
1.607419550418853760e+00
1.593194901943206787e+00
1.569160446524620056e+00
1.569160446524620056e+00
1.604476384818553925e+00
1.625077426433563232e+00
1.590252108871936798e+00
1.511772070080041885e+00
1.392580475658178329e+00
1.231206022202968597e+00
1.070322003215551376e+00
9.369059465825557709e-01
8.015279658138751984e-01
6.475110072642564774e-01
5.067374557256698608e-01
3.988274838775396347e-01
2.791455015540122986e-01
9.079349692910909653e-02
-1.456275000236928463e-01
