1.509809959679841995e+00
1.524034515023231506e+00
1.499019004404544830e+00
1.448007021099328995e+00
1.413671951740980148e+00
1.356774009764194489e+00
1.278784498572349548e+00
1.231696456670761108e+00
1.220905501395463943e+00
1.237091980874538422e+00
1.267012488096952438e+00
1.285160984843969345e+00
1.291537564247846603e+00
1.253769081085920334e+00
1.154197473078966141e+00
1.061493065208196640e+00
9.771269746124744415e-01
8.893275633454322815e-01
7.990755140781402588e-01
6.798840127885341644e-01
5.243955180048942566e-01
3.630209947004914284e-01
2.183235017582774162e-01
5.057249800302088261e-02
-1.397414947859942913e-01
