1.513733994215726852e+00
1.499999966472387314e+00
1.440158952027559280e+00
1.394542492926120758e+00
1.391108985990285873e+00
1.428877469152212143e+00
1.492151990532875061e+00
1.565236411988735199e+00
1.650583557784557343e+00
1.763398572802543640e+00
1.864441484212875366e+00
1.932130381464958191e+00
1.961560547351837158e+00
1.957146078348159790e+00
1.944393105804920197e+00
1.914962939918041229e+00
1.836973614990711212e+00
1.726120524108409882e+00
1.615267433226108551e+00
1.477437000721693039e+00
1.322438940405845642e+00
1.172836497426033020e+00
1.039420440793037415e+00
8.986470289528369904e-01
6.945989560335874557e-01
4.488585051149129868e-01
1.570109976455569267e-01
-2.079210011288523674e-01
