1.497547514736652374e+00
1.473022438585758209e+00
1.423972472548484802e+00
1.376393996179103851e+00
1.318024471402168274e+00
1.265540998429059982e+00
1.237582415342330933e+00
1.196380518376827240e+00
1.132125034928321838e+00
1.080622524023056030e+00
1.039911061525344849e+00
9.766365401446819305e-01
9.251340292394161224e-01
8.569545112550258636e-01
7.637594826519489288e-01
6.769409868866205215e-01
5.523539613932371140e-01
3.586064791306853294e-01
1.221854938194155693e-01
-1.063875039108097553e-01
