1.511772070080041885e+00
1.498528476804494858e+00
1.462231483310461044e+00
1.459779031574726105e+00
1.466155517846345901e+00
1.469098404049873352e+00
1.472041476517915726e+00
1.453892979770898819e+00
1.445063948631286621e+00
1.423481944948434830e+00
1.369526982307434082e+00
1.319005526602268219e+00
1.257693022489547729e+00
1.172836497426033020e+00
1.097299437969923019e+00
1.065907441079616547e+00
1.032553520053625107e+00
9.736934676766395569e-01
9.305294603109359741e-01
8.917800150811672211e-01
8.329200558364391327e-01
7.686644792556762695e-01
7.083330303430557251e-01
6.323054898530244827e-01
5.199810490012168884e-01
3.576255170628428459e-01
1.658400055021047592e-01
-4.311299999244511127e-02
