1.512262504547834396e+00
1.554445549845695496e+00
1.608400419354438782e+00
1.647149957716464996e+00
1.667750999331474304e+00
1.659903116524219513e+00
1.633906550705432892e+00
1.586328074336051941e+00
1.500980928540229797e+00
1.370017509907484055e+00
1.226300932466983795e+00
1.108580920845270157e+00
9.972374886274337769e-01
8.760840632021427155e-01
7.706264965236186981e-01
7.127474993467330933e-01
6.519255228340625763e-01
5.754075013101100922e-01
4.645545035600662231e-01
2.928794827312231064e-01
1.113945036195218563e-01
-1.098209992051124573e-01
