1.504904963076114655e+00
1.503433473408222198e+00
1.513243559747934341e+00
1.550521515309810638e+00
1.560822036117315292e+00
1.498528476804494858e+00
1.391599513590335846e+00
1.287613529711961746e+00
1.203737966716289520e+00
1.149783004075288773e+00
1.124276965856552124e+00
1.110052503645420074e+00
1.089941989630460739e+00
1.076207961887121201e+00
1.074736472219228745e+00
1.056097541004419327e+00
1.008028537034988403e+00
9.393584914505481720e-01
8.432204835116863251e-01
7.058805320411920547e-01
5.234145093709230423e-01
3.370244987308979034e-01
1.849694992415606976e-01
4.027200047858059406e-02
