1.503924001008272171e+00
1.528449077159166336e+00
1.591723412275314331e+00
1.645188033580780029e+00
1.657450571656227112e+00
1.639302074909210205e+00
1.598099991679191589e+00
1.521581970155239105e+00
1.402880996465682983e+00
1.275841519236564636e+00
1.141444407403469086e+00
9.996900334954261780e-01
8.726504631340503693e-01
7.691550068557262421e-01
6.931275129318237305e-01
5.920845083892345428e-01
4.468964878469705582e-01
3.080850001424551010e-01
2.006655093282461166e-01
1.305239973589777946e-01
5.106300232000648975e-02
-5.243250052444636822e-02
