1.504904963076114655e+00
1.496566552668809891e+00
1.490680500864982605e+00
1.498528476804494858e+00
1.508338470011949539e+00
1.551012042909860611e+00
1.605948060750961304e+00
1.608400419354438782e+00
1.565236411988735199e+00
1.535806525498628616e+00
1.523543987423181534e+00
1.474003586918115616e+00
1.412690989673137665e+00
1.386203989386558533e+00
1.368546020239591599e+00
1.355792954564094543e+00
1.319986488670110703e+00
1.250335481017827988e+00
1.171855442225933075e+00
1.064435951411724091e+00
9.354345500469207764e-01
8.240910246968269348e-01
7.186334580183029175e-01
6.087614689022302628e-01
5.150759592652320862e-01
4.267860203981399536e-01
3.541919868439435959e-01
2.619779901579022408e-01
1.099230023100972176e-01
-7.450500270351767540e-02
