1.450950000435113907e+00
1.342549454420804977e+00
1.230715494602918625e+00
1.138991955667734146e+00
1.075226999819278717e+00
9.879180230200290680e-01
8.579354733228683472e-01
7.304055150598287582e-01
5.974799860268831253e-01
4.679880104959011078e-01
3.610590007156133652e-01
2.678639953956007957e-01
2.006655093282461166e-01
1.653495011851191521e-01
1.496534910984337330e-01
1.594634959474205971e-01
1.830074936151504517e-01
1.727070077322423458e-01
1.319954986684024334e-01
5.057249800302088261e-02
-5.929949693381786346e-02
