1.512753032147884369e+00
1.541201956570148468e+00
1.573084481060504913e+00
1.587799564003944397e+00
1.559841074049472809e+00
1.509809959679841995e+00
1.473512966185808182e+00
1.439177989959716797e+00
1.420048438012599945e+00
1.437706500291824341e+00
1.468608062714338303e+00
1.502452511340379715e+00
1.555917039513587952e+00
1.610362529754638672e+00
1.667750999331474304e+00
1.697671599686145782e+00
1.658921875059604645e+00
1.552973967045545578e+00
1.403861958533525467e+00
1.234639529138803482e+00
1.050211582332849503e+00
8.692169561982154846e-01
7.073519751429557800e-01
5.749170202761888504e-01
4.508205223828554153e-01
3.350625047460198402e-01
2.109660068526864052e-01
6.577800377272069454e-02
-7.597649819217622280e-02
