1.488718483597040176e+00
1.436234917491674423e+00
1.361188571900129318e+00
1.308705005794763565e+00
1.258673984557390213e+00
1.209133490920066833e+00
1.175289042294025421e+00
1.115938555449247360e+00
1.020290981978178024e+00
9.364155121147632599e-01
8.751030080020427704e-01
7.980945520102977753e-01
7.098044734448194504e-01
6.063090171664953232e-01
4.925129935145378113e-01
3.875460010021924973e-01
2.673734910786151886e-01
1.545584993436932564e-01
5.940150003880262375e-02
-1.515449985163286328e-02
