1.510790921747684479e+00
1.551993004977703094e+00
1.615757867693901062e+00
1.694237999618053436e+00
1.782037504017353058e+00
1.860517449676990509e+00
1.926244422793388367e+00
1.950769498944282532e+00
1.953222043812274933e+00
1.981180533766746521e+00
2.038078568875789642e+00
2.068489603698253632e+00
2.032192423939704895e+00
1.941449940204620361e+00
1.829125545918941498e+00
1.715819910168647766e+00
1.599081046879291534e+00
1.488227955996990204e+00
1.378846541047096252e+00
1.269955560564994812e+00
1.158121507614850998e+00
1.055606920272111893e+00
9.874274954199790955e-01
9.099285118281841278e-01
8.015279658138751984e-01
7.024469785392284393e-01
6.342675071209669113e-01
5.891414824873209000e-01
5.420535337179899216e-01
4.974179901182651520e-01
4.630830138921737671e-01
4.434629809111356735e-01
4.385580308735370636e-01
4.071659874171018600e-01
3.429105039685964584e-01
2.766929799690842628e-01
1.864410005509853363e-01
8.147399639710783958e-02
-2.891999974963255227e-03
