1.498038042336702347e+00
1.492151990532875061e+00
1.482341997325420380e+00
1.468608062714338303e+00
1.450950000435113907e+00
1.429367996752262115e+00
1.403861958533525467e+00
1.374431978911161423e+00
1.341078057885169983e+00
1.303800009191036224e+00
1.262598019093275070e+00
1.217471994459629059e+00
1.168422028422355652e+00
1.115448027849197388e+00
1.058549992740154266e+00
9.977280162274837494e-01
9.329820051789283752e-01
8.643119595944881439e-01
7.917179726064205170e-01
7.151999976485967636e-01
6.347579881548881531e-01
5.503919906914234161e-01
4.621020052582025528e-01
3.698880085721611977e-01
2.737500006332993507e-01
1.761405030265450478e-01
7.705949828960001469e-02
-1.826967636588960886e-02
